137
944
206
573
53
192
59
149
512
217
189
392
889
487
882
935
835
360
125
381
950
934
837
402
363
778
885
89
61
913
936
572
135
469
414
855
35
975
957
448
472
52
262
507
253
476
521
736
479
237
898
144
820
170
463
206
388
678
69
550
515
28
643
219
193
206
209
492
976
700
428
309
575
589
452
467
636
827
85
915
125
312
640
71
475
508
78
908
204
332
299
970
687
412
415
275
438
710
996
87
158
742
53
373
914
299
525
303
937
688
732
279
853
828
84
400
257
285
341
442
471
764
601
857
21
947
206
580
732
237
89
371
163
410
113
376
420
368
40
887
994
656
89
493
422
224
740
856
675
143
469
581
283
848
86
105
948
139
762
983
460
249
946
556
491
751
103
409
573
449
872
782
685
500
237
855
978
865
713
278
68
540
516
31
981
507
585
349
19
652
691
744
604
324
99
584
305
280
74
679
940
291
185
59
187
254
434
982
340
714
832
410
251
744
323
69
895
484
661
583
152
531
427
559
979
897
435
960
800
660
539
424
401
533
371
288
624
688
116
189
891
684
204
870
447
450
244
351
810
382
792
13
599
596
903
578
836
265
20
30
582
606
281
178
61
725
128
475
542
359
677
88
224
600
508
310
656
861
962
473
929
296
238
415
304
634
177
758
57
79
492
562
87
622
494
357
301
866
571
228
543
122
303
358
700
422
387
608
969
216
747
880
71
202
485
51
198
461
773
993
94
346
741
492
825
616
106
611
386
546
798
655
959
354
449
483
692
729
484
593
232
524
460
341
91
719
218
555
299
195
58
888
817
420
451
360
193
782
771
80
619
847
464
198
231
661
903
57
400
764
565
361
413
863
39
282
821
258
256
161
613
639
580
52
401
343
684
88
541
955
189
434
388
854
788
37
429
509
230
115
182
572
357
46
844
292
969
618
339
994
811
850
301
256
489
937
337
116
465
670
795
236
204
925
315
28
902
591
386
527
643
181
21
139
457
285
394
943
524
539
505
997
566
990
597
565
255
388
561
147
282
469
592
903
836
781
734
405
40
597
638
482
58
272
893
631
490
332
430
413
502
357
917
903
694
193
371
891
635
366
154
450
936
363
640
643
733
705
630
818
752
216
251
469
177
779
110
241
581
970
425
34
607
304
536
701
788
325
579
84
81
97
97
568
918
976
140
547
449
311
803
345
999
704
196
451
843
975
813
129
809
445
333
993
456
712
261
264
414
934
561
233
310
468
844
51
471
88
674
769
831
981
126
232
322
462
371
5
698
879
604
846
164
131
260
465
4
766
591
773
818
236
479
612
270
508
142
945
203
931
256
151
65
566
171
26
116
838
7
722
475
931
929
284
624
685
898
57
487
802
546
763
22
849
302
911
58
758
834
437
979
901
841
459
459
762
794
136
208
334
942
1000
721
318
353
57
282
191
709
534
886
333
40
425
348
285
413
445
340
757
694
626
374
188
228
105
913
752
466
924
867
580
0
206
134
91
583
466
336
875
731
872
833
186
388
904
728
934
427
622
331
5
707
411
103
50
461
623
927
70
523
121
685
899
91
262
531
724
665
769
844
915
407
1
763
850
661
761
931
333
909
76
884
977
321
683
789
339
539
690
616
564
817
240
89
741
762
936
716
859
723
203
992
504
168
518
310
63
637
220
650
825
517
92
128
761
906
591
357
123
403
264
393
970
912
781
702
645
492
501
307
833
154
69
287
673
910
6
822
227
822
999
784
503
693
673
621
377
920
702
682
374
390
226
452
781
851
256
656
389
501
666
530
4
53
799
944
308
681
508
519
1
166
233
815
581
148
558
935
345
625
953
271
727
716
725
160
470
981
658
149
932
689
975
807
547
247
531
181
877
558
495
839
913
368
598
387
519
124
396
822
263
187
32
576
871
904
2
798
500
431
372
580
37
938
591
611
195
965
938
918
612
23
826
655
477
970
173
899
16
524
562
462
44
100
442
905
473
904
41
246
237
5
189
857
934
461
645
140
617
189
542
335
735
166
530
604
388
409
95
52
190
497
782
911
385
442
49
338
979
391
419
630
226
901
376
611
677
805
917
59
587
480
183
104
850
883
53
791
54
187
844
15
394
712
764
280
969
716
792
404
708
183
777
483
408
811
480
46
694
176
533
309
620
90
94
940
621
650
368
333
706
238
604
45
707
376
576
511
330
904
651
111
219
508
834
229
273
554
187
697
827
949
252
904
476
985
225
444
808
707
314
837
533
793
200
473
71
130
202
224
409
206
43
388
289
283
26
413
358
